2.033999999999999808e+00 -2.343999999999999861e+00 1.570000000000000062e+00 1.570000000000000062e+00 1.570543950126876160e+18
2.035990670391060853e+00 -2.252302590083826050e+00 1.570877971014492891e+00 1.570877971014492891e+00 1.570543950331793920e+18
2.044612821229049526e+00 -2.173680782472094286e+00 1.579636054750402696e+00 1.579636054750402696e+00 1.570543950536518144e+18
2.051247800279329070e+00 -2.063771587290530007e+00 1.581876006441223836e+00 1.581876006441223836e+00 1.570543950844340992e+18
2.044247800279331617e+00 -1.954521587290567020e+00 1.581876006441223614e+00 1.581876006441223614e+00 1.570543950942895872e+18
2.049536372576669763e+00 -1.845207482140744260e+00 1.590269664437729213e+00 1.590269664437729213e+00 1.570543951253089792e+18
2.051614720320841467e+00 -1.737527910525971775e+00 1.597071268967499069e+00 1.597071268967499069e+00 1.570543951460263936e+18
2.046481067508742147e+00 -1.649761857141561538e+00 1.597869201980466780e+00 1.597869201980466780e+00 1.570543951667958016e+18
2.047857508283905670e+00 -1.545900532194838695e+00 1.600475217382375082e+00 1.600475217382375082e+00 1.570543951867681024e+18
2.051087016692362042e+00 -1.441870518131957102e+00 1.607887080366694699e+00 1.607887080366694699e+00 1.570543952072590080e+18
2.052477715178097739e+00 -1.357081562682402209e+00 1.609887227352383432e+00 1.609887227352383432e+00 1.570543952278168064e+18
2.055216883837859942e+00 -1.227562561575042510e+00 1.612186174283204876e+00 1.612186174283204876e+00 1.570543952585505024e+18
2.053857665470361304e+00 -1.124217022139418765e+00 1.613657226869540384e+00 1.613657226869540384e+00 1.570543952791918080e+18
2.058834980537174619e+00 -1.047221113851151575e+00 1.615301837566129661e+00 1.615301837566129661e+00 1.570543952994914048e+18
2.056165412350010158e+00 -9.416252610846096438e-01 1.616024278433924044e+00 1.616024278433924044e+00 1.570543953200701952e+18
2.055555159745843241e+00 -8.143199894603678768e-01 1.612712594590777648e+00 1.612712594590777648e+00 1.570543953407398912e+18
2.058390283486273731e+00 -7.093023460258578439e-01 1.614529677906546556e+00 1.614529677906546556e+00 1.570543953639564032e+18
2.056839605238925728e+00 -6.266160529669044799e-01 1.614160013032711172e+00 1.614160013032711172e+00 1.570543953842494976e+18
2.055419027784098240e+00 -5.277580267618902088e-01 1.613877612712433685e+00 1.613877612712433685e+00 1.570543954120953088e+18
2.063170521995025819e+00 -4.391314984647491926e-01 1.606339572154545037e+00 1.606339572154545037e+00 1.570543954325011968e+18
2.063371610755168284e+00 -3.877782279712189695e-01 1.585509502136053683e+00 1.585509502136053683e+00 1.570543954530767872e+18
2.066387663310439216e+00 -3.416895187424477953e-01 1.552275128974079710e+00 1.552275128974079710e+00 1.570543954736922880e+18
2.078556070949504342e+00 -2.893509295071607923e-01 1.467709482562450374e+00 1.467709482562450374e+00 1.570543954942085120e+18
2.093300409615141078e+00 -2.609475108737062676e-01 1.414311443720431827e+00 1.414311443720431827e+00 1.570543955145939968e+18
2.098744316110941366e+00 -2.277174867323736862e-01 1.324090754870725251e+00 1.324090754870725251e+00 1.570543955349700096e+18
2.112986391518507201e+00 -1.966941640355854837e-01 1.243230826583922033e+00 1.243230826583922033e+00 1.570543955553894144e+18
2.127890557249379366e+00 -1.545449183470322119e-01 1.118279003174165620e+00 1.118279003174165620e+00 1.570543955862107136e+18
2.159994524807421712e+00 -1.159975062157605485e-01 1.018669555754792899e+00 1.018669555754792899e+00 1.570543955963414784e+18
2.185606868517761203e+00 -8.818179066534392874e-02 9.073694981872661991e-01 9.073694981872661991e-01 1.570543956271933952e+18
2.219238314021066749e+00 -5.135970261096600709e-02 8.099287338064772301e-01 8.099287338064772301e-01 1.570543956476418048e+18
2.262504330102486527e+00 -1.784731108266601751e-02 7.155516831449186821e-01 7.155516831449186821e-01 1.570543956682251008e+18
2.288404109102452733e+00 3.373362831898596426e-03 6.453191923363552629e-01 6.453191923363552629e-01 1.570543956886044928e+18
2.331792840113112941e+00 3.136571326800474679e-02 5.600645068587251085e-01 5.600645068587251085e-01 1.570543957090897152e+18
2.386147361249112198e+00 5.656630366793136133e-02 4.868420021301776979e-01 4.868420021301776979e-01 1.570543957295515136e+18
2.426094119856292419e+00 7.930604806657948203e-02 4.103001754551356961e-01 4.103001754551356961e-01 1.570543957601839104e+18
2.482203272775421965e+00 9.837997204686121933e-02 3.402884269895336544e-01 3.402884269895336544e-01 1.570543957807929088e+18
2.550075227833915381e+00 1.174809355939285815e-01 2.717271923025710856e-01 2.717271923025710856e-01 1.570543958013513984e+18
2.611741188458647223e+00 1.330886489612415069e-01 2.210003680642396162e-01 2.210003680642396162e-01 1.570543958217448960e+18
2.653343370274777957e+00 1.438796636290895492e-01 1.744282252907864150e-01 1.744282252907864150e-01 1.570543958421408768e+18
2.735939801758863865e+00 1.573682955972088848e-01 1.210104602982957356e-01 1.210104602982957356e-01 1.570543958628787968e+18
2.820936437287510756e+00 1.655387768871601217e-01 8.145347151299767163e-02 8.145347151299767163e-02 1.570543958831796992e+18
2.895561216489133116e+00 1.720135813911927158e-01 3.667242106648070654e-02 3.667242106648070654e-02 1.570543959138882048e+18
2.972481064972976483e+00 1.740083311415574485e-01 1.224875878340976956e-02 1.224875878340976956e-02 1.570543959242659072e+18
3.074039570206295036e+00 1.780061560991645919e-01 -2.180693241100780180e-02 -2.180693241100780180e-02 1.570543959548558080e+18
3.151633688532304856e+00 1.770797954380656236e-01 -4.627514197048504530e-02 -4.627514197048504530e-02 1.570543959755280896e+18
3.252888923443484792e+00 1.728235007796001810e-01 -6.971868988928542343e-02 -6.971868988928542343e-02 1.570543959960297216e+18
3.348159449337575033e+00 1.668355288954370685e-01 -8.946626860445631990e-02 -8.946626860445631990e-02 1.570543960164690944e+18
3.469784861836708423e+00 1.520278786234148249e-01 -1.026905571648947940e-01 -1.026905571648947940e-01 1.570543960366735872e+18
3.574578909868179277e+00 1.431565083198762522e-01 -1.136159143333392990e-01 -1.136159143333392990e-01 1.570543960675118080e+18
3.683252062958286999e+00 1.324644481014569664e-01 -1.203587394123203091e-01 -1.203587394123203091e-01 1.570543960878618880e+18
3.789980715542173417e+00 1.235592981127791035e-01 -1.229379625520823360e-01 -1.229379625520823360e-01 1.570543961085449984e+18
3.840010113586177276e+00 1.188081790781576608e-01 -1.246934301370048598e-01 -1.246934301370048598e-01 1.570543961289769984e+18
3.997101805269675623e+00 1.023899680886017904e-01 -1.223667876156066259e-01 -1.223667876156066259e-01 1.570543961496638976e+18
4.101910001944474971e+00 9.441793142911292236e-02 -1.188987605787797802e-01 -1.188987605787797802e-01 1.570543961698874880e+18
4.179460598181232278e+00 8.564982267192933207e-02 -1.197365321308246355e-01 -1.197365321308246355e-01 1.570543961904393984e+18
4.293465763689783721e+00 7.412559891948644619e-02 -1.122970150719683757e-01 -1.122970150719683757e-01 1.570543962108593920e+18
4.425809965915773248e+00 6.654774203723956560e-02 -1.006675789084146427e-01 -1.006675789084146427e-01 1.570543962416709888e+18
4.519683231236667709e+00 6.201092108099581779e-02 -9.524464595782565490e-02 -9.524464595782565490e-02 1.570543962522004992e+18
4.633340252196559206e+00 5.869747689675230973e-02 -8.071362834776230955e-02 -8.071362834776230955e-02 1.570543962926835968e+18
4.745709312562604865e+00 5.279150620935846305e-02 -7.759810615298716463e-02 -7.759810615298716463e-02 1.570543962958765056e+18
4.818462770327132993e+00 5.132322524361310201e-02 -7.026722407661441239e-02 -7.026722407661441239e-02 1.570543963170909952e+18
4.954714199653627915e+00 5.096870601913350285e-02 -5.910005323240437314e-02 -5.910005323240437314e-02 1.570543963542177792e+18
5.051980433663434411e+00 4.820107864480638327e-02 -5.773303758749878667e-02 -5.773303758749878667e-02 1.570543963616677120e+18
5.147478776048484583e+00 4.989760367829676468e-02 -5.154580004772427865e-02 -5.154580004772427865e-02 1.570543963955944960e+18
5.268156622089446905e+00 5.014348645450406039e-02 -4.475003274639782758e-02 -4.475003274639782758e-02 1.570543964050934016e+18
5.362932010617272205e+00 5.233828552820796176e-02 -4.097245061752307488e-02 -4.097245061752307488e-02 1.570543964361242112e+18
5.494711905752878600e+00 5.237225833892811266e-02 -3.784032897872942336e-02 -3.784032897872942336e-02 1.570543964668595968e+18
5.554305951785023510e+00 5.387547025199657114e-02 -3.674790757480755204e-02 -3.674790757480755204e-02 1.570543964705625088e+18
5.693496669990913084e+00 5.386891666620119423e-02 -3.427948217648626311e-02 -3.427948217648626311e-02 1.570543964975931904e+18
5.799268812540198326e+00 5.174302503424721422e-02 -3.325602863186127855e-02 -3.325602863186127855e-02 1.570543965181677056e+18
5.904150749373187068e+00 5.077940874671948990e-02 -3.248519004301920338e-02 -3.248519004301920338e-02 1.570543965491787008e+18
5.998561583217655979e+00 5.005043579160606271e-02 -3.010812596570397112e-02 -3.010812596570397112e-02 1.570543965693417984e+18
6.092727574600059981e+00 5.179109094163347748e-02 -3.005667915806298565e-02 -3.005667915806298565e-02 1.570543965817537024e+18
6.237013508166425524e+00 4.981782006696855447e-02 -2.802076708714755157e-02 -2.802076708714755157e-02 1.570543966103117824e+18
6.352434786225983565e+00 4.842708759686509268e-02 -2.701942742459723101e-02 -2.701942742459723101e-02 1.570543966513704960e+18
6.440966050568500911e+00 4.613499620522043543e-02 -2.670194597208338377e-02 -2.670194597208338377e-02 1.570543966560431872e+18
6.573033471526561478e+00 4.901869732734498442e-02 -2.485104530988753446e-02 -2.485104530988753446e-02 1.570543966922536960e+18
6.651825774929049473e+00 5.141387344501335832e-02 -1.918299851544836426e-02 -1.918299851544836426e-02 1.570543966971284992e+18
6.746895542637453502e+00 5.415283524404213011e-02 -1.918299851544836426e-02 -1.496771931861721680e-02 1.570543967332914944e+18
