1570543950088499069 2.05249 -2.7962 -1.65026
1570543950120486974 2.05249 -2.9962 -1.65026
1570543950156546115 2.05083 -3.00814 -1.6499
1570543950224517107 2.04718 -3.03384 -1.64893
1570543950256500959 2.04583 -3.04906 -1.64827
1570543950324348926 2.04485 -3.0742 -1.64777
1570543950361208915 2.03878 -3.08802 -1.64544
1570543950424776077 2.03683 -3.11551 -1.64398
1570543950462019920 2.03344 -3.13055 -1.64245
1570543950530972003 2.03231 -3.16137 -1.64097
1570543950562946081 2.02913 -3.17933 -1.6393
1570543950629529953 2.02531 -3.21257 -1.63765
1570543950661766052 2.02203 -3.2304 -1.63681
1570543950728653907 2.01746 -3.26583 -1.63448
1570543950764467954 2.01657 -3.28184 -1.63345
1570543950832483053 2.01344 -3.31773 -1.6305
1570543950864828109 2.01292 -3.33261 -1.62912
1570543950932853937 2.01444 -3.36655 -1.62722
1570543950964899063 2.01237 -3.38231 -1.62557
1570543951032706975 2.01204 -3.41381 -1.62482
1570543951068840026 2.00923 -3.42905 -1.6236
1570543951100740909 2.00632 -3.44911 -1.62228
1570543951168920993 2.0049 -3.48005 -1.62103
1570543951200964927 2.00045 -3.50066 -1.61958
1570543951269028902 1.99806 -3.53289 -1.6178
1570543951305510997 1.99546 -3.55027 -1.61655
1570543951336839914 1.99504 -3.56711 -1.61607
1570543951404999017 1.99222 -3.60085 -1.61486
1570543951440721988 1.99106 -3.61694 -1.61379
1570543951504800081 1.99131 -3.65053 -1.61361
1570543951540775060 1.9883 -3.66853 -1.6121
1570543951608871936 1.98489 -3.69658 -1.60988
1570543951640772104 1.98595 -3.71584 -1.6094
1570543951708798885 1.98322 -3.74371 -1.60816
1570543951741041898 1.97967 -3.76137 -1.60645
1570543951809003114 1.97783 -3.79612 -1.6048
1570543951876738071 1.97479 -3.8307 -1.60309
1570543951913213968 1.9727 -3.84666 -1.6019
1570543951981117963 1.97353 -3.88081 -1.60142
1570543952013067007 1.97103 -3.89994 -1.60027
1570543952080971956 1.9689 -3.93395 -1.59922
1570543952113163948 1.96876 -3.94909 -1.59855
1570543952181108951 1.96568 -3.98608 -1.5978
1570543952217084884 1.96182 -3.99548 -1.59467
1570543952316984891 1.96174 -4.04944 -1.59369
1570543952384835004 1.95662 -4.08513 -1.59192
1570543952416949033 1.95659 -4.10093 -1.59183
1570543952452896118 1.95515 -4.1215 -1.59155
1570543952520755052 1.95384 -4.15616 -1.59113
1570543952552717924 1.95111 -4.17399 -1.59094
1570543952584780931 1.95366 -4.19043 -1.59224
1570543952652919054 1.94844 -4.22857 -1.5923
1570543952689290046 1.94996 -4.24852 -1.5929
1570543952757826089 1.94441 -4.28303 -1.59047
1570543952789603948 1.94421 -4.30075 -1.58947
1570543952825170993 1.94255 -4.32164 -1.58891
1570543952889158964 1.94055 -4.35321 -1.58719
1570543952925218105 1.94227 -4.36953 -1.58709
1570543952957154035 1.94152 -4.38827 -1.58673
1570543953025285959 1.93762 -4.42212 -1.58521
1570543953061002016 1.93574 -4.4392 -1.58428
1570543953092780113 1.93749 -4.45641 -1.58438
1570543953160871982 1.93371 -4.49152 -1.58235
1570543953193028926 1.93482 -4.5081 -1.58249
1570543953228959083 1.93352 -4.52427 -1.5823
1570543953297118902 1.93122 -4.56074 -1.58113
1570543953365143060 1.92784 -4.59269 -1.57922
1570543953397038936 1.92791 -4.61062 -1.5793
1570543953465403079 1.92741 -4.6418 -1.57917
1570543953497059106 1.92682 -4.65604 -1.57875
1570543953567027091 1.92643 -4.68224 -1.57836
1570543953601191997 1.92694 -4.69474 -1.57851
1570543953665185928 1.9273 -4.72194 -1.57863
1570543953701170921 1.92786 -4.73482 -1.57929
1570543953769294977 1.92608 -4.75628 -1.57854
1570543953801012039 1.92818 -4.7672 -1.57913
1570543953836963891 1.92915 -4.77764 -1.57893
1570543953905340909 1.92712 -4.79903 -1.57726
1570543953937160968 1.92634 -4.80958 -1.5755
1570543954005371093 1.92413 -4.82588 -1.57299
1570543954037153005 1.92567 -4.83577 -1.57488
1570543954072902917 1.92454 -4.84496 -1.57648
1570543954141226053 1.92479 -4.86193 -1.5835
1570543954173144102 1.92434 -4.8691 -1.58886
1570543954209580898 1.92698 -4.876 -1.59471
1570543954241580009 1.92462 -4.88261 -1.59907
1570543954309549093 1.92413 -4.89442 -1.60986
1570543954341294050 1.924 -4.90306 -1.61603
1570543954377222061 1.92452 -4.90843 -1.62325
1570543954409209012 1.92172 -4.9132 -1.62919
1570543954445189952 1.92086 -4.91935 -1.63732
1570543954509145975 1.9249 -4.9314 -1.65942
1570543954545005083 1.92099 -4.93499 -1.66929
1570543954577090978 1.92036 -4.94263 -1.68221
1570543954613086938 1.9196 -4.94755 -1.69539
1570543954645195960 1.9165 -4.95022 -1.70891
1570543954713078975 1.91635 -4.9611 -1.74273
1570543954749142885 1.91665 -4.96581 -1.76118
1570543954781215906 1.91466 -4.97073 -1.77964
1570543954813116073 1.91468 -4.97372 -1.79976
1570543954881308078 1.91385 -4.98116 -1.83968
1570543954917418003 1.91204 -4.98375 -1.8593
1570543954949434995 1.90961 -4.98767 -1.87823
1570543954985845088 1.90849 -4.99309 -1.89876
1570543955049371957 1.90159 -5.00374 -1.93549
1570543955085315942 1.89761 -5.00771 -1.95391
1570543955117259979 1.89335 -5.01454 -1.9728
1570543955185234069 1.88332 -5.02616 -2.00792
1570543955221117019 1.87998 -5.03617 -2.02611
1570543955253062963 1.87383 -5.04055 -2.04149
1570543955321017980 1.86446 -5.05 -2.07254
1570543955353240013 1.85983 -5.05554 -2.08873
1570543955457055091 1.84823 -5.06504 -2.13234
1570543955489056110 1.84416 -5.0711 -2.14773
1570543955525194883 1.83757 -5.07468 -2.16166
1570543955593293905 1.82488 -5.08735 -2.18986
1570543955625214099 1.81853 -5.09076 -2.20417
1570543955693301916 1.80731 -5.10235 -2.23433
1570543955761461019 1.79745 -5.11415 -2.26555
1570543955829185962 1.77947 -5.12167 -2.29223
1570543955893163919 1.77181 -5.12865 -2.32037
1570543955929193019 1.76524 -5.13251 -2.33344
1570543955996975898 1.75395 -5.13794 -2.35994
1570543956065020084 1.7405 -5.15041 -2.3869
1570543956133157014 1.72912 -5.16109 -2.41537
1570543956196984052 1.71524 -5.17324 -2.44154
1570543956233119010 1.70598 -5.17934 -2.45389
1570543956301148891 1.69184 -5.18529 -2.47974
1570543956332859992 1.68522 -5.18594 -2.49288
1570543956401079893 1.66691 -5.19691 -2.51979
1570543956433222055 1.66006 -5.20237 -2.53332
1570543956501837968 1.64317 -5.21185 -2.55651
1570543956569319963 1.62906 -5.21933 -2.57871
1570543956637034893 1.61537 -5.22423 -2.60001
1570543956673110008 1.6082 -5.22926 -2.61166
1570543956736912965 1.59211 -5.2335 -2.63302
1570543956805037021 1.57591 -5.24124 -2.65559
1570543956840811014 1.56912 -5.24146 -2.66775
1570543956908869028 1.549 -5.25034 -2.69103
1570543956972863912 1.53115 -5.25894 -2.71193
1570543957008810043 1.5227 -5.2587 -2.72038
1570543957077122926 1.50381 -5.26799 -2.73747
1570543957108952045 1.49495 -5.27208 -2.74611
1570543957177021980 1.47481 -5.2759 -2.76186
1570543957245536088 1.45927 -5.28053 -2.77997
1570543957277590036 1.44829 -5.28757 -2.79052
1570543957345997095 1.42846 -5.292 -2.81015
1570543957449659109 1.40148 -5.296 -2.83512
1570543957516978979 1.38317 -5.30067 -2.84994
1570543957549107074 1.37315 -5.30127 -2.85599
1570543957617311954 1.35436 -5.30801 -2.8701
1570543957685015916 1.33501 -5.3116 -2.88442
1570543957717120885 1.32624 -5.31435 -2.89314
1570543957784898042 1.30528 -5.31713 -2.91048
1570543957853394031 1.28243 -5.32228 -2.92804
1570543957884890079 1.27247 -5.32399 -2.93586
1570543957953094005 1.24894 -5.32781 -2.94866
1570543958021472930 1.22777 -5.33137 -2.96074
1570543958157206058 1.18341 -5.33789 -2.99029
1570543958189042091 1.16639 -5.33736 -2.99763
1570543958256973028 1.13657 -5.34017 -3.01252
1570543958325037002 1.10599 -5.34352 -3.02485
1570543958356995105 1.09039 -5.34576 -3.03076
1570543958425056934 1.06085 -5.34742 -3.04106
1570543958528793096 1.01597 -5.35403 -3.05559
1570543958560867071 1.00184 -5.35116 -3.05975
1570543958629028081 0.974829 -5.35326 -3.07018
1570543958661128997 0.957255 -5.35662 -3.0756
1570543958729504108 0.927833 -5.35411 -3.08631
1570543958797110080 0.891804 -5.35472 -3.09677
1570543958865505933 0.862834 -5.35595 -3.10517
1570543958897541046 0.848247 -5.35306 -3.10788
1570543958965070009 0.820205 -5.35588 -3.1156
1570543959033046007 0.797041 -5.35398 -3.12214
1570543959068798065 0.779874 -5.35718 -3.12722
1570543959136887073 0.756644 -5.35334 -3.13502
1570543959200773000 0.730399 -5.3553 3.13988
1570543959268879890 0.698583 -5.35527 3.1324
1570543959304523944 0.686318 -5.35494 3.1286
1570543959372895002 0.655257 -5.35659 3.12132
1570543959404808044 0.63641 -5.35166 3.11841
1570543959473411083 0.599561 -5.34787 3.11211
1570543959541198968 0.560548 -5.34705 3.10651
1570543959573787927 0.548229 -5.3436 3.10548
1570543959640979051 0.512582 -5.33874 3.10186
1570543959708802938 0.480489 -5.34135 3.09543
1570543959740842103 0.465313 -5.3384 3.09272
1570543959808830976 0.428753 -5.333 3.08686
1570543959876904964 0.394525 -5.32967 3.08276
1570543959912714004 0.382603 -5.32923 3.08123
1570543959981230020 0.349321 -5.32698 3.07815
1570543960044712066 0.312078 -5.32616 3.07601
1570543960080723047 0.29987 -5.32217 3.07582
1570543960148792028 0.266151 -5.31801 3.07416
1570543960180766105 0.251195 -5.3154 3.07425
1570543960249408006 0.220674 -5.31441 3.07247
1570543960317312955 0.189646 -5.30809 3.07188
1570543960349626064 0.170188 -5.30928 3.07097
1570543960416969060 0.141016 -5.30421 3.0719
1570543960484976053 0.113588 -5.30397 3.073
1570543960552716970 0.0810413 -5.29861 3.07511
1570543960584844112 0.0643907 -5.29751 3.07561
1570543960652764081 0.0347841 -5.29402 3.07731
1570543960720654010 0.0028317 -5.29162 3.07798
1570543960756685972 -0.0118887 -5.28931 3.07844
1570543960820905923 -0.0423928 -5.28525 3.07859
1570543960888737916 -0.0710192 -5.28157 3.08051
1570543960957191944 -0.108284 -5.27798 3.08321
1570543960993015050 -0.127287 -5.27717 3.08485
1570543961061305046 -0.15801 -5.27179 3.08794
1570543961124856948 -0.188471 -5.27184 3.08945
1570543961160788059 -0.205812 -5.26995 3.09025
1570543961228725910 -0.238443 -5.26673 3.09207
1570543961260714054 -0.254173 -5.26121 3.09414
1570543961328877925 -0.287462 -5.25862 3.09607
1570543961396735906 -0.316248 -5.25511 3.09947
1570543961464864969 -0.350918 -5.25029 3.10266
1570543961496793031 -0.366593 -5.24848 3.10308
1570543961564817905 -0.394456 -5.24515 3.10413
1570543961600791931 -0.411443 -5.24305 3.10519
1570543961664660930 -0.443986 -5.24162 3.10646
1570543961733124971 -0.479439 -5.24062 3.10922
1570543961769129991 -0.491643 -5.23656 3.11119
1570543961837140083 -0.52861 -5.23386 3.11397
1570543961904655933 -0.559222 -5.2336 3.11682
1570543961968641042 -0.591995 -5.23053 3.11976
1570543962036664962 -0.625537 -5.23123 3.12202
1570543962072585105 -0.640727 -5.22792 3.12454
1570543962140563964 -0.675506 -5.22883 3.12733
1570543962204579114 -0.709207 -5.2271 3.13093
1570543962240597963 -0.727268 -5.22692 3.13243
1570543962308548927 -0.758849 -5.22659 3.13522
1570543962340522050 -0.777673 -5.22551 3.13702
1570543962408994913 -0.80863 -5.22425 3.14015
1570543962477283954 -0.844606 -5.22283 -3.13941
1570543962508939027 -0.859108 -5.22204 -3.1374
1570543962577178001 -0.891097 -5.22303 -3.13511
1570543962644649028 -0.91997 -5.22237 -3.13193
1570543962712526082 -0.953737 -5.22422 -3.12823
1570543962744757890 -0.969371 -5.2227 -3.12572
1570543962812757015 -1.00447 -5.22381 -3.12206
1570543962880667924 -1.03906 -5.22528 -3.11815
1570543962948549985 -1.06994 -5.22377 -3.11373
1570543962984729051 -1.08556 -5.22446 -3.11237
1570543963048592090 -1.11646 -5.22403 -3.10938
1570543963084417104 -1.13237 -5.22143 -3.10709
1570543963152473926 -1.16477 -5.22412 -3.10605
1570543963184751987 -1.18212 -5.22211 -3.10522
1570543963252861022 -1.21635 -5.2229 -3.10409
1570543963321229934 -1.25039 -5.22317 -3.10252
1570543963352874994 -1.26819 -5.22075 -3.10096
1570543963420682907 -1.30636 -5.22278 -3.09951
1570543963456572055 -1.32374 -5.22196 -3.09828
1570543963524554014 -1.35576 -5.22418 -3.09866
1570543963557013988 -1.37029 -5.22375 -3.09864
1570543963624537944 -1.40137 -5.22563 -3.09916
1570543963692476034 -1.44067 -5.22799 -3.09919
1570543963760422945 -1.47183 -5.23059 -3.09759
1570543963792541027 -1.48802 -5.22882 -3.09572
1570543963860352993 -1.52311 -5.23106 -3.09388
1570543963892596960 -1.53679 -5.23332 -3.09358
1570543963960824012 -1.56907 -5.23825 -3.0944
1570543964028671026 -1.6034 -5.23776 -3.09267
1570543964065300941 -1.61908 -5.23754 -3.09116
1570543964128669977 -1.6554 -5.23921 -3.08847
1570543964197031021 -1.68797 -5.24044 -3.08581
1570543964232717037 -1.70528 -5.2399 -3.08426
1570543964300602912 -1.73811 -5.24329 -3.08341
1570543964332710981 -1.75315 -5.24171 -3.08291
1570543964400577068 -1.78399 -5.24097 -3.08213
1570543964468600988 -1.816 -5.24438 -3.08259
1570543964536540985 -1.84853 -5.24868 -3.08354
1570543964604743003 -1.88088 -5.24896 -3.08307
1570543964636737108 -1.89731 -5.24981 -3.08266
1570543964704727888 -1.93167 -5.25369 -3.08293
1570543964772905111 -1.96331 -5.25531 -3.08155
1570543964804858922 -1.97889 -5.25838 -3.08253
1570543964872446060 -2.01386 -5.25983 -3.08148
1570543964908380985 -2.0277 -5.25981 -3.0809
1570543964972538948 -2.06307 -5.26242 -3.08091
1570543965008488893 -2.08073 -5.26428 -3.08079
1570543965076606988 -2.11566 -5.26732 -3.08051
1570543965108529090 -2.13247 -5.26557 -3.07963
1570543965176647901 -2.16758 -5.26854 -3.08071
1570543965212719917 -2.18652 -5.2637 -3.07794
1570543965276640892 -2.22194 -5.26753 -3.07848
1570543965312652111 -2.23937 -5.26229 -3.07622
1570543965380660057 -2.27338 -5.25487 -3.07234
1570543965448868036 -2.30393 -5.26812 -3.07381
1570543965512911081 -2.33714 -5.26928 -3.07199
1570543965581038951 -2.37214 -5.26836 -3.0719
1570543965648710966 -2.40198 -5.26966 -3.07205
1570543965716756105 -2.43801 -5.27018 -3.07085
1570543965752759933 -2.45231 -5.27225 -3.07045
1570543965816771984 -2.4836 -5.27258 -3.0676
1570543965852768898 -2.4981 -5.27248 -3.06609
1570543965920674085 -2.52924 -5.27318 -3.06443
1570543965988517999 -2.56445 -5.27692 -3.06426
1570543966052562952 -2.59986 -5.27531 -3.06512
1570543966088560104 -2.61789 -5.2734 -3.06485
1570543966156816005 -2.6549 -5.27602 -3.06452
1570543966188741922 -2.67512 -5.27878 -3.06517
1570543966257030963 -2.71093 -5.27672 -3.06519
1570543966292880058 -2.72771 -5.27565 -3.06454
1570543966356829881 -2.76462 -5.27914 -3.06573
1570543966425208091 -2.79848 -5.27896 -3.06592
1570543966492717027 -2.83533 -5.28346 -3.06617
1570543966561192989 -2.8729 -5.28387 -3.06513
1570543966592730045 -2.88933 -5.284 -3.0645
1570543966660567045 -2.9238 -5.28685 -3.06383
1570543966728823900 -2.95811 -5.28896 -3.06207
1570543966796494960 -2.99419 -5.28832 -3.06047
1570543966864579916 -3.02827 -5.29127 -3.05968
1570543966932678937 -3.06226 -5.29413 -3.05962
1570543967001844882 -3.09442 -5.29474 -3.05918
1570543967068898916 -3.12445 -5.29744 -3.05946
1570543967200545072 -3.18651 -5.29964 -3.05989
1570543967268605947 -3.21358 -5.30291 -3.05904
1570543967336683034 -3.23656 -5.30483 -3.05714
1570543967372447967 -3.24738 -5.30426 -3.05597
1570543967436507940 -3.27158 -5.30607 -3.05384
1570543967504708051 -3.29402 -5.3068 -3.05338
1570543967540527105 -3.3049 -5.30696 -3.05359
1570543967608711957 -3.32441 -5.30842 -3.05374
1570543967676748991 -3.34293 -5.30754 -3.05292
1570543967740722894 -3.35856 -5.30712 -3.04974
1570543967777331113 -3.36603 -5.30843 -3.04733
1570543967844897985 -3.37967 -5.30722 -3.03918
1570543967876585960 -3.38401 -5.30715 -3.03397
1570543967944602012 -3.39756 -5.30956 -3.02402
1570543968012533903 -3.40915 -5.3106 -3.0119
1570543968044465065 -3.41381 -5.31215 -3.00509
1570543968112668991 -3.4218 -5.31484 -2.98797
1570543968148601055 -3.4263 -5.31704 -2.97841
1570543968216690063 -3.43073 -5.31833 -2.95466
1570543968316795110 -3.43505 -5.31933 -2.91069
1570543968348793029 -3.43718 -5.32152 -2.89344
1570543968416418075 -3.43885 -5.32107 -2.85719
1570543968485004901 -3.44057 -5.32437 -2.82007
1570543968516582965 -3.43859 -5.32332 -2.801
1570543968585952997 -3.4427 -5.32175 -2.76325
1570543968620531082 -3.44124 -5.32071 -2.74392
1570543968688158988 -3.45156 -5.33234 -2.71041
1570543968720510959 -3.45874 -5.34067 -2.69392
1570543968788541078 -3.46241 -5.34097 -2.65984
1570543968820689916 -3.46485 -5.34636 -2.64398
1570543968888472080 -3.47003 -5.34575 -2.61192
1570543968924547910 -3.47633 -5.35049 -2.59735
1570543968992619991 -3.48053 -5.34632 -2.56587
1570543969024581909 -3.4845 -5.34515 -2.54849
1570543969124557971 -3.49176 -5.36024 -2.49999
1570543969192465066 -3.49763 -5.36419 -2.46628
1570543969228900909 -3.50005 -5.36853 -2.45153
1570543969260782957 -3.50481 -5.36671 -2.4374
1570543969328950881 -3.50987 -5.39013 -2.414
1570543969396903038 -3.50914 -5.374 -2.39005
1570543969464581012 -3.51427 -5.37903 -2.37428
1570543969496460914 -3.51035 -5.36707 -2.3646
1570543969564534902 -3.51627 -5.37061 -2.35278
1570543969632365942 -3.52416 -5.38509 -2.34432
1570543969664628028 -3.52464 -5.37485 -2.33895
1570543969732650041 -3.52609 -5.37087 -2.33509
1570543969768752098 -3.53123 -5.36529 -2.33127
1570543969836509943 -3.53516 -5.37062 -2.33237
1570543969868506908 -3.53664 -5.37213 -2.3326
