1570543950126876115 2.034000 -2.344000 1.570000
1570543950331794023 2.036000 -2.246000 1.570000
1570543950536518096 2.045000 -2.165000 1.580000
1570543950844341039 2.052000 -2.050000 1.580000
1570543950942895889 2.045000 -1.935000 1.580000
1570543951253089904 2.048000 -1.818000 1.590000
1570543951460263967 2.049000 -1.699000 1.600000
1570543951667958021 2.041000 -1.611000 1.600000
1570543951867681026 2.042000 -1.500000 1.600000
1570543952072590112 2.046000 -1.379000 1.610000
1570543952278167963 2.049000 -1.296000 1.610000
1570543952585505008 2.053000 -1.184000 1.610000
1570543952791918039 2.051000 -1.075000 1.610000
1570543952994914054 2.057000 -0.999000 1.610000
1570543953200701951 2.053000 -0.881000 1.610000
1570543953407398939 2.051000 -0.727000 1.600000
1570543953639564037 2.055000 -0.614000 1.600000
1570543953842494964 2.054000 -0.540000 1.600000
1570543954120953083 2.052000 -0.463000 1.600000
1570543954325011968 2.063000 -0.379000 1.590000
1570543954530767917 2.067000 -0.340000 1.570000
1570543954736922979 2.071000 -0.310000 1.540000
1570543954942085027 2.089000 -0.266000 1.390000
1570543955145940065 2.110000 -0.254000 1.300000
1570543955349699974 2.117000 -0.229000 1.170000
1570543955553894042 2.133000 -0.204000 1.090000
1570543955862107038 2.147000 -0.167000 0.990000
1570543955963414907 2.196000 -0.110000 0.840000
1570543956271934032 2.224000 -0.090000 0.770000
1570543956476418018 2.266000 -0.054000 0.670000
1570543956682250976 2.321000 -0.018000 0.580000
1570543956886044979 2.348000 0.000000 0.530000
1570543957090897083 2.399000 0.029000 0.440000
1570543957295515060 2.463000 0.052000 0.370000
1570543957601839065 2.497000 0.067000 0.330000
1570543957807929039 2.559000 0.083000 0.270000
1570543958013514041 2.641000 0.101000 0.190000
1570543958217448949 2.717000 0.116000 0.140000
1570543958421408891 2.760000 0.124000 0.110000
1570543958628787994 2.850000 0.135000 0.060000
1570543958831796884 2.947000 0.140000 0.030000
1570543959138881921 3.016000 0.140000 0.000000
1570543959242659091 3.110000 0.139000 -0.020000
1570543959548557996 3.214000 0.138000 -0.040000
1570543959755280971 3.291000 0.134000 -0.060000
1570543959960297107 3.406000 0.125000 -0.080000
1570543960164690971 3.510000 0.114000 -0.100000
1570543960366735935 3.656000 0.090000 -0.110000
1570543960675117969 3.736000 0.078000 -0.110000
1570543960878618955 3.844000 0.064000 -0.110000
1570543961085449934 3.958000 0.054000 -0.110000
1570543961289769887 3.985000 0.052000 -0.110000
1570543961496639013 4.169000 0.031000 -0.100000
1570543961698874950 4.286000 0.022000 -0.090000
1570543961904393911 4.356000 0.013000 -0.090000
1570543962108593940 4.470000 -0.001000 -0.080000
1570543962416709899 4.588000 -0.006000 -0.060000
1570543962522005081 4.702000 -0.010000 -0.050000
1570543962926836013 4.784000 -0.007000 -0.050000
1570543962958765029 4.931000 -0.014000 -0.030000
1570543963170909881 5.011000 -0.015000 -0.020000
1570543963542177915 5.129000 -0.012000 -0.010000
1570543963616677045 5.254000 -0.015000 -0.010000
1570543963955945014 5.326000 -0.011000 -0.010000
1570543964050934076 5.482000 -0.010000 0.000000
1570543964361242055 5.567000 -0.007000 0.000000
1570543964668596029 5.686000 -0.007000 0.000000
1570543964705625057 5.766000 -0.005000 0.000000
1570543964975931882 5.922000 -0.006000 0.000000
1570543965181677103 6.045000 -0.012000 0.000000
1570543965491786956 6.120000 -0.014000 0.000000
1570543965693418025 6.202000 -0.015000 0.000000
1570543965817537069 6.313000 -0.012000 0.000000
1570543966103117942 6.476000 -0.014000 0.000000
1570543966513705015 6.559000 -0.016000 0.000000
1570543966560431957 6.678000 -0.020000 0.000000
1570543966922537088 6.798000 -0.018000 0.000000
1570543966971285104 6.917000 -0.013000 0.010000
1570543967332915067 6.985000 -0.010000 0.020000
1570543967344295024 7.106000 -0.006000 0.020000
1570543968268150091 7.199000 -0.001000 0.020000
1570543969078021049 7.358000 0.008000 0.070000
1570543970199363946 7.478000 0.032000 0.380000
1570543970505059003 7.621000 0.116000 0.780000
1570543970524930953 7.628000 0.116000 0.770000
1570543970715187072 7.628000 0.116000 0.770000
1570543970914141893 7.628000 0.116000 0.770000
1570543971222141027 7.628000 0.116000 0.770000
1570543971273319959 7.326000 0.182000 -1.260000
1570543971841001033 7.327000 0.181000 -1.260000
1570543972185376882 7.322000 0.182000 -1.230000
1570543972455950975 7.314000 0.183000 -1.290000
1570543972561311006 7.315000 0.180000 -1.270000
1570543972859673023 7.322000 0.180000 -1.170000
1570543974403455972 7.327000 0.181000 -1.030000
1570543980747215986 7.338000 0.180000 -0.620000
1570543980764456033 -150.000000 -150.000000 0.000000
1570543980970909118 7.549000 0.098000 0.040000
1570543981974046945 7.563000 0.097000 0.040000
1570543981977943897 7.779000 0.084000 0.010000
1570543982282671928 7.846000 0.077000 0.000000
1570543982508950948 7.898000 0.083000 0.010000
1570543982713855028 7.996000 0.081000 0.000000
1570543982921729087 8.056000 0.093000 0.020000
1570543983123740911 8.126000 0.091000 0.020000
1570543983304229021 8.165000 0.082000 0.010000
1570543983613066911 8.259000 0.083000 0.010000
1570543983713427066 8.329000 0.075000 0.000000
1570543984022857904 8.404000 0.078000 0.000000
1570543984226016044 8.459000 0.088000 0.020000
1570543984534022092 8.526000 0.092000 0.020000
1570543984593211889 8.571000 0.086000 0.010000
1570543984842936038 8.641000 0.087000 0.020000
1570543985148369073 8.711000 0.080000 0.010000
1570543985247178077 8.758000 0.083000 0.020000
1570543985556982994 8.847000 0.085000 0.010000
1570543985762219905 8.920000 0.084000 0.010000
1570543985969254970 8.963000 0.083000 0.010000
1570543986173800945 9.043000 0.082000 0.010000
1570543986380218982 9.125000 0.076000 0.010000
1570543986582698106 9.214000 0.067000 0.010000
1570543986824287891 9.269000 0.066000 0.000000
1570543986993567943 9.357000 0.059000 0.000000
1570543987298648118 9.466000 0.055000 0.000000
1570543987506922006 9.523000 0.052000 0.000000
1570543987707564115 9.614000 0.043000 0.000000
1570543987913592100 9.666000 0.037000 0.000000
1570543988117058992 9.777000 0.023000 0.000000
1570543988424315929 9.845000 0.025000 0.000000
1570543988634201049 9.909000 0.026000 0.000000
1570543988834933996 9.991000 0.037000 0.000000
1570543989038670063 10.069000 0.032000 0.000000
1570543989244626045 10.150000 0.029000 0.000000
1570543989448256969 10.204000 0.010000 0.000000
1570543989654041051 10.287000 0.007000 0.000000
1570543989857697010 10.397000 -0.004000 0.000000
1570543990183134078 10.457000 -0.011000 -0.010000
1570543990275547027 10.536000 -0.002000 0.000000
1570543990574944972 10.588000 -0.004000 0.000000
1570543990786230087 10.643000 -0.002000 0.000000
1570543990985394001 10.750000 -0.012000 0.000000
1570543991191241025 10.836000 -0.019000 0.000000
1570543991395653963 10.919000 -0.019000 0.000000
1570543991712399005 10.975000 -0.021000 0.000000
1570543991802351951 11.024000 -0.015000 0.000000
1570543992110697984 11.135000 -0.004000 0.010000
1570543992315536022 11.219000 -0.015000 0.010000
1570543992521197080 11.279000 -0.014000 0.010000
1570543992727741956 11.357000 -0.016000 0.010000
1570543992931579113 11.437000 -0.004000 0.010000
1570543993134711027 11.522000 -0.003000 0.010000
1570543993443037986 11.573000 0.010000 0.040000
1570543993542525053 11.652000 0.013000 0.060000
1570543993854331016 11.730000 0.034000 0.090000
1570543994057482957 11.808000 0.028000 0.130000
1570543994263850927 11.891000 0.053000 0.180000
1570543994467418909 11.905000 0.064000 0.200000
1570543994676076889 11.940000 0.065000 0.230000
1570543994978374004 11.953000 0.069000 0.260000
1570543995079689025 11.956000 0.068000 0.260000
1570543995387501001 11.956000 0.068000 0.260000
1570543995592238903 11.956000 0.068000 0.260000
1570543995799770116 11.956000 0.068000 0.260000
1570543996002243995 11.955000 0.069000 0.260000
1570543996207684993 11.955000 0.069000 0.260000
1570543996412327051 11.907000 0.067000 0.000000
1570543996718822002 11.918000 0.067000 0.000000
1570543996923737049 11.943000 0.068000 0.020000
1570543997039815902 11.989000 0.077000 0.080000
1570543997335303068 12.011000 0.083000 0.100000
1570543997539356946 12.050000 0.098000 0.110000
1570543997744787931 12.112000 0.147000 0.180000
1570543997950258016 12.123000 0.153000 0.210000
1570543998256979942 12.167000 0.163000 0.230000
1570543998355715990 12.199000 0.168000 0.240000
1570543998665143013 12.244000 0.167000 0.240000
1570543998870939970 12.290000 0.187000 0.250000
1570543999075809001 12.349000 0.205000 0.260000
1570543999280698060 12.367000 0.204000 0.260000
1570543999485152006 12.410000 0.219000 0.260000
1570543999688994884 12.477000 0.225000 0.260000
1570543999996087074 12.496000 0.233000 0.250000
1570544000302923917 12.543000 0.240000 0.250000
1570544000316797018 12.564000 0.255000 0.250000
1570544000611119031 12.329000 0.433000 -1.570000
1570544000816005945 12.329000 0.433000 -1.560000
1570544001019404888 12.329000 0.434000 -1.560000
1570544001224833965 12.330000 0.426000 -1.520000
1570544001429028034 12.331000 0.401000 -1.440000
1570544001738888025 12.328000 0.411000 -1.350000
1570544001944577932 12.329000 0.397000 -1.300000
1570544002145979881 12.333000 0.394000 -1.230000
1570544002350857019 12.335000 0.389000 -1.170000
1570544002556061983 12.339000 0.383000 -1.090000
1570544002760272026 12.334000 0.372000 -1.020000
1570544002965317010 12.328000 0.373000 -0.910000
1570544003275321006 12.327000 0.365000 -0.850000
1570544003579860925 12.326000 0.355000 -0.760000
1570544003588460922 12.329000 0.362000 -0.670000
1570544003892503976 12.326000 0.363000 -0.590000
1570544004097935914 12.327000 0.352000 -0.530000
1570544004297698974 12.333000 0.356000 -0.450000
1570544004506108999 12.330000 0.360000 -0.360000
1570544004808511972 12.334000 0.368000 -0.280000
1570544004904172897 12.338000 0.364000 -0.220000
1570544005217817068 12.338000 0.360000 -0.140000
1570544005423882007 12.333000 0.362000 -0.140000
1570544005631120920 12.332000 0.362000 -0.150000
1570544005837249994 12.332000 0.362000 -0.150000
1570544006041769981 12.229000 0.422000 -0.820000
1570544006248167037 12.236000 0.415000 -0.820000
1570544006551434040 12.263000 0.384000 -0.820000
1570544006754290103 12.269000 0.377000 -0.820000
1570544006961266040 12.283000 0.362000 -0.820000
1570544007090018033 12.301000 0.344000 -0.810000
1570544007370328903 12.307000 0.337000 -0.810000
1570544007574939012 12.327000 0.316000 -0.810000
1570544007779778003 12.345000 0.296000 -0.810000
1570544007984790086 12.368000 0.270000 -0.810000
1570544008292079925 12.391000 0.245000 -0.810000
1570544008398309946 12.398000 0.237000 -0.810000
1570544008699343919 12.430000 0.201000 -0.830000
1570544008905272960 12.453000 0.176000 -0.830000
1570544009108942985 12.470000 0.162000 -0.830000
1570544009314171075 12.492000 0.136000 -0.830000
1570544009519654989 12.526000 0.101000 -0.830000
1570544009828006029 12.526000 0.101000 -0.830000
1570544009927911996 12.549000 0.073000 -0.830000
1570544010237582921 12.578000 0.039000 -0.840000
1570544010441066980 12.601000 0.008000 -0.840000
1570544010645958900 12.626000 -0.018000 -0.840000
1570544010852632999 12.642000 -0.032000 -0.840000
1570544011054722070 12.672000 -0.062000 -0.830000
1570544011259426116 12.693000 -0.092000 -0.850000
1570544011567282915 12.700000 -0.101000 -0.850000
1570544011774549007 12.726000 -0.124000 -0.840000
1570544011976382017 12.742000 -0.141000 -0.840000
1570544012183273077 12.764000 -0.166000 -0.840000
1570544012387897014 12.784000 -0.197000 -0.850000
1570544012590562105 12.820000 -0.231000 -0.840000
1570544012795547962 12.835000 -0.258000 -0.850000
1570544013008029937 12.843000 -0.267000 -0.850000
1570544013308057069 12.861000 -0.301000 -0.860000
1570544013418276071 12.900000 -0.339000 -0.850000
1570544013718813896 12.917000 -0.356000 -0.850000
1570544013922338008 12.925000 -0.365000 -0.850000
1570544014128150939 12.941000 -0.405000 -0.870000
1570544014331695079 12.965000 -0.432000 -0.870000
1570544014536370992 12.994000 -0.463000 -0.860000
1570544014845722913 13.032000 -0.488000 -0.850000
1570544015049055099 13.045000 -0.496000 -0.850000
1570544015253045082 13.067000 -0.520000 -0.840000
1570544015458439111 13.092000 -0.555000 -0.850000
1570544015663268089 13.113000 -0.569000 -0.840000
1570544015867667913 13.128000 -0.605000 -0.850000
1570544016072213888 13.146000 -0.637000 -0.850000
1570544016380696058 13.166000 -0.657000 -0.850000
1570544016478909015 13.174000 -0.666000 -0.850000
1570544016790364027 13.213000 -0.685000 -0.840000
1570544016996645927 13.235000 -0.711000 -0.840000
1570544017128673076 13.284000 -0.733000 -0.830000
1570544017406116962 13.301000 -0.749000 -0.820000
1570544017611001968 13.325000 -0.773000 -0.820000
1570544017815603017 13.339000 -0.808000 -0.830000
1570544018120254993 13.357000 -0.819000 -0.820000
1570544018326116085 13.367000 -0.858000 -0.830000
1570544018532879114 13.376000 -0.861000 -0.830000
1570544018736632108 13.401000 -0.892000 -0.830000
1570544018942203998 13.439000 -0.917000 -0.820000
1570544019144170045 13.480000 -0.924000 -0.810000
1570544019350483894 13.497000 -0.924000 -0.800000
1570544019656836986 13.534000 -0.952000 -0.800000
1570544019752580881 13.553000 -0.964000 -0.800000
1570544020065666913 13.585000 -0.989000 -0.790000
1570544020270725965 13.603000 -1.005000 -0.790000
1570544020475894927 13.624000 -1.030000 -0.800000
1570544020680057048 13.649000 -1.056000 -0.800000
1570544020884730100 13.655000 -1.081000 -0.800000
1570544021089859008 13.684000 -1.106000 -0.800000
1570544021399041891 13.709000 -1.143000 -0.800000
1570544021497473955 13.714000 -1.191000 -0.820000
1570544021809433937 13.726000 -1.201000 -0.820000
1570544022011392116 13.747000 -1.232000 -0.830000
1570544022220194101 13.769000 -1.262000 -0.830000
1570544022425122976 13.778000 -1.310000 -0.840000
1570544022628890037 13.789000 -1.339000 -0.840000
1570544022935731887 13.794000 -1.343000 -0.840000
1570544023034024953 13.794000 -1.343000 -0.840000
1570544023345503091 13.794000 -1.343000 -0.840000
1570544023548624992 13.794000 -1.343000 -0.840000
1570544023753810882 13.794000 -1.343000 -0.840000
1570544023958998918 13.794000 -1.343000 -0.840000
1570544024165308952 13.794000 -1.343000 -0.840000
1570544024367388963 13.794000 -1.343000 -0.840000
1570544024673985958 13.794000 -1.343000 -0.840000
1570544024880162000 13.794000 -1.343000 -0.840000
1570544025085205078 13.794000 -1.343000 -0.840000
1570544025290685892 13.794000 -1.343000 -0.840000
1570544025493814945 13.794000 -1.343000 -0.840000
1570544025698132038 13.794000 -1.343000 -0.840000
1570544025905635118 13.794000 -1.343000 -0.840000
1570544026209767103 13.794000 -1.343000 -0.840000
1570544026304929018 13.794000 -1.343000 -0.840000
1570544026621562957 13.794000 -1.343000 -0.840000
1570544026825146913 13.794000 -1.343000 -0.840000
1570544027032954931 13.794000 -1.343000 -0.840000
1570544027239340066 13.793000 -1.344000 -0.840000
1570544027443916082 13.793000 -1.344000 -0.840000
1570544027653616905 13.793000 -1.344000 -0.840000
1570544027952251911 13.793000 -1.344000 -0.840000
1570544028051553010 13.793000 -1.344000 -0.840000
1570544028361048936 13.793000 -1.344000 -0.840000
1570544028564975976 13.793000 -1.344000 -0.840000
1570544028771373033 13.793000 -1.344000 -0.840000
1570544028975735902 13.793000 -1.344000 -0.840000
1570544029181538105 13.793000 -1.344000 -0.840000
